0 0.686522 0.065408 0.378261 0.130815
0 0.294728 0.277745 0.344239 0.320489
0 0.146386 0.514402 0.292772 0.378913
0 0.156386 0.828315 0.312772 0.343370
0 0.443152 0.097663 0.168804 0.173913
0 0.042663 0.304457 0.085326 0.182609
0 0.110870 0.223723 0.117935 0.098098
0 0.375543 0.738886 0.426087 0.522228
0 0.615217 0.654783 0.200109 0.254674
0 0.635136 0.378397 0.398750 0.320489
0 0.682935 0.198886 0.307935 0.237228
0 0.869837 0.280245 0.095652 0.158967
0 0.774783 0.549810 0.166413 0.136685
0 0.194212 0.083288 0.388424 0.135489
1 0.849565 0.746712 0.300870 0.450924
0 0.960136 0.387690 0.079728 0.262120
0 0.958886 0.144212 0.082228 0.152772
